890
85.745
54.851
1774.501
1234.588
48.883
206.839
510.374
945.611
23.676
34.124
345.340
88.984
232.447
206.267
30.667
691.375
67.431
49.432
822.860
163.458
340.419
79.312
457.462
306.846
161.087
299.633
45.647
84.769
37.444
144.842
57.424
27.486
124.827
103.652
122.538
485.962
0.000
150.308
585.139
571.751
245.237
217.853
271.659
70.602
36.272
163.293
77.769
102.483
235.857
167.899
588.641
599.167
419.106
177.476
57.651
0.799
59.817
513.984
870.415
386.451
74.636
3.767
14.983
97.182
88.823
30.531
1649.696
952.786
149.646
106.147
122.787
82.246
322.205
2218.088
174.916
36.121
79.717
954.399
72.355
0.020
59.992
46.280
80.015
22.218
730.036
134.339
1034.173
52.727
261.895
354.580
312.368
129.441
261.265
334.476
207.838
74.044
29.306
160.547
213.060
76.203
78.683
154.238
365.835
18.135
173.825
457.750
594.578
510.101
0.715
183.362
90.664
1553.139
134.110
395.447
596.508
126.962
20.309
130.145
714.183
831.478
411.430
58.151
513.189
0.119
13.973
43.402
10.431
374.083
13.247
39.533
57.570
143.486
139.863
0.000
272.615
0.847
1475.979
333.638
1683.791
181.111
43.497
1800.414
423.522
772.640
5478.925
207.832
181.463
375.240
147.572
478.997
597.851
146.468
72.219
67.019
123.741
108.390
155.848
1384.864
45.832
198.089
1856.092
8.633
3025.763
18.729
184.443
937.889
186.488
1035.436
46.175
937.575
160.157
22.988
44.236
389.518
329.524
104.685
72.546
57.058
3258.841
859.909
70.735
895.441
73.052
0.000
708.723
267.818
151.715
1.717
50.495
69.700
6342.405
285.244
182.134
1025.153
134.338
33.334
209.860
14.961
287.219
99.877
99.649
105.198
17.593
49.050
180.609
177.889
1080.007
4147.335
109.491
18.453
181.175
1355.434
98.826
82.929
9.186
346.201
108.772
258.242
301.324
124.567
37.584
46.871
545.874
1075.955
84.371
92.843
66.933
199.680
365.323
136.534
90.203
30.623
164.034
226.467
99.536
345.236
544.201
71.486
572.666
0.091
635.255
11.252
693.497
97.122
29.968
117.441
2739.497
89.013
30.264
113.000
34.224
222.044
387.622
178.643
395.941
2580.803
48.004
87.338
21.762
376.954
224.014
274.106
0.000
33.759
0.000
20.086
157.921
0.028
1659.729
292.794
172.094
220.614
493.334
70.945
44.878
33.287
0.447
21.944
96.672
126.348
3.450
1.495
52.961
43.937
305.665
551.661
49.591
1301.178
165.045
198.033
36.504
1.665
83.623
5351.632
1646.321
334.200
5261.855
112.442
151.144
262.956
125.109
570.646
149.790
80.478
25.980
15.343
980.439
399.444
740.433
189.958
0.000
396.697
25.069
200.816
19.895
630.301
636.873
540.475
264.813
745.048
106.507
13.343
569.890
1245.335
2970.085
153.269
526.236
0.892
0.000
20.620
650.497
498.739
178.007
1547.935
434.278
46.675
209.745
38.862
0.000
71.412
739.554
1593.525
305.645
301.588
155.347
172.750
470.243
36.535
0.000
150.905
225.536
181.402
83.034
0.682
357.581
239.811
1.773
22.235
4178.896
402.721
2.708
320.160
97.933
232.110
435.706
1265.211
335.147
179.568
758.861
143.255
624.990
217.041
63.401
105.967
277.351
469.797
0.157
0.000
55.433
595.427
57.976
218.027
1606.856
521.621
994.293
43.043
97.056
0.126
59.332
512.031
219.898
0.000
123.796
166.383
744.170
0.083
0.613
84.475
316.777
277.582
1356.593
1031.930
261.813
3.233
457.052
15.764
1172.830
125.990
411.345
494.294
0.000
1340.072
182.208
243.183
200.870
79.491
217.818
271.232
858.836
205.299
26.884
293.283
1381.461
0.267
605.014
47.320
507.689
80.803
2798.218
138.198
335.699
93.656
468.947
0.083
964.903
0.120
1541.685
74.256
0.000
202.495
0.000
165.411
1566.958
96.951
217.940
0.265
364.588
400.786
269.864
697.825
29.147
0.000
147.689
444.268
1.000
1.290
28.498
380.241
0.000
114.691
422.629
31.568
547.694
0.000
9.623
382.349
0.447
0.000
0.000
0.000
0.613
239.121
0.000
207.463
1.753
0.028
163.194
1.905
64.941
0.000
80.318
0.000
2045.840
238.639
0.120
0.028
426.299
3115.694
294.100
562.248
284.767
440.725
25.468
40.161
160.803
749.562
47.171
240.779
12.480
26.385
381.607
154.725
393.434
312.693
183.749
298.197
2212.939
44.341
423.482
241.044
351.288
133.504
313.247
276.060
31.569
371.296
170.961
5.411
221.404
34.812
62.922
362.123
192.149
12.000
145.060
10.285
149.313
96.955
22.567
132.746
14.324
199.985
86.947
126.715
0.000
116.038
22.259
285.850
343.995
25.314
180.838
119.177
100.391
563.497
56.837
345.382
128.762
135.456
116.577
47.675
16.519
69.521
172.909
719.149
54.000
6497.564
23.452
19.188
383.401
13.618
280.923
0.000
294.663
10.052
474.814
29.279
646.528
10.121
81.819
1.721
94.822
322.912
8795.936
30.358
190.304
61.657
395.487
192.120
73.693
17.978
28.863
330.368
45.908
61.246
160.312
135.760
13.219
541.716
97.251
100.079
46.875
517.491
414.592
80.331
907.438
18.733
433.699
22.884
215.598
607.634
420.916
39.420
283.454
74.064
28.269
1511.775
169.968
387.227
68.468
804.645
443.430
59.968
48.108
107.875
252.812
190.645
93.191
23.103
82.786
48.851
164.866
28.298
171.983
475.115
361.992
105.261
75.545
2364.834
97.298
183.816
114.396
331.480
162.579
82.165
412.102
628.906
15.477
1086.255
11.982
28.536
93.845
0.121
265.621
137.531
30.354
221.647
54.780
63.350
459.425
46.373
77.198
58.474
92.849
191.804
14.073
1685.900
252.069
245.832
127.260
117.328
77.616
252.824
488.213
205.846
112.253
0.000
247.935
582.138
83.182
65.971
378.967
98.458
248.533
198.964
389.363
64.368
455.501
19.167
199.437
19.266
168.871
17.670
0.000
175.072
206.270
49.339
261.269
48.197
4.517
335.077
63.545
30.193
636.900
27.896
59.105
758.718
122.271
52.870
171.373
311.525
133.282
37.036
86.467
196.618
173.444
119.631
31.400
92.448
0.993
242.190
93.595
9.882
18.161
243.044
539.976
2143.122
801.101
888.442
488.341
342.263
2872.941
174.692
217.091
379.434
375.754
426.030
169.229
26.340
91.310
1306.975
164.324
151.662
467.971
148.826
141.023
36.125
164.374
62.186
35.744
42.939
280.797
338.701
62.420
122.211
304.352
162.518
46.723
19.230
118.527
167.769
78.508
132.422
465.663
118.563
40.930
1008.993
0.000
163.318
7.731
212.938
825.045
313.187
143.759
606.072
142.528
127.479
84.698
269.483
358.255
101.891
243.966
276.962
566.731
5.708
345.571
63.463
204.908
37.795
446.775
86.059
327.021
204.634
197.086
250.767
460.180
278.362
81.700
755.681
33.840
774.719
266.356
120.639
438.632
84.691
353.329
565.082
530.513
289.305
22.166
46.723
155.416
120.781
452.200
113.703
72.664
406.779
771.925
324.376
202.814
40.150
748.052
101.825
1418.289
12.725
65.703
275.066
360.076
252.695
45.970
31.329
295.269
424.627
176.157
40.233
101.886
4.681
193.120
299.344
18.450
47.686
459.751
0.000
151.395
173.870
360.643
23.887
537.310
87.004
26.413
249.619
259.078
184.824
92.630
191.337
111.398
1245.250
393.876
565.258
149.454
324.048
201.552
189.297
63.439
423.491
1655.527
17.927
218.576
11.603
129.062
102.481
350.960
74.755
292.877
32.115
200.860
923.618
363.317
102.732
172.068
40.503
1574.692
453.429
246.966
198.966
4.578
1729.724
96.633
95.193
116.630
9.679
251.539
129.412
1172.992
66.426
493.774
40.192
396.324
349.413
428.824
126.999
