890
2642.300
2614.600
2339.400
2317.100
2672.000
2528.200
2416.600
2352.000
2646.600
2706.900
2557.400
2562.100
2550.300
2570.900
2619.000
2418.200
2630.400
2580.400
2378.400
2595.900
2504.400
2620.200
2500.600
2537.900
2495.000
2544.300
2631.000
2594.000
2573.300
2612.000
2627.800
2719.400
2614.200
2669.200
2605.900
2478.600
3435.000
2522.900
2456.700
2434.400
2481.600
2520.000
2489.700
2562.400
2593.700
2579.000
2587.000
2537.400
2553.300
2674.100
2431.600
2476.000
2459.400
2660.600
2655.300
2675.100
2608.700
2466.500
2421.200
2443.500
2598.800
2866.500
2811.300
2616.900
2678.900
2640.800
2532.100
2326.400
2542.200
2573.900
2575.000
2635.100
2496.000
2255.900
2642.800
2719.900
2652.500
2347.200
2594.900
3040.700
2639.800
2641.200
2628.300
2733.100
2380.200
2522.100
2419.400
2582.300
2459.000
2526.000
2539.400
2554.500
2728.100
2572.400
2553.300
2651.800
2636.200
2546.000
2633.800
2636.700
2583.900
2520.500
2428.300
2667.100
2538.000
2536.700
2467.200
2421.900
2979.900
2554.200
2642.500
2300.600
2567.100
2392.100
2446.000
2528.800
2689.200
2579.600
2350.200
2418.500
2429.900
2631.900
2502.900
3094.600
2711.900
2614.200
2860.800
2433.100
2671.300
2676.900
2597.100
2602.700
2530.100
3443.100
2427.500
2806.900
2588.100
2583.300
2335.000
2595.300
2614.200
2288.100
2457.100
2386.600
2297.600
2487.700
2504.200
2516.500
2526.700
2416.900
2462.100
2588.200
2614.800
2803.100
2554.000
2575.800
2471.000
2399.700
2635.100
2546.700
2291.200
2738.900
2372.000
2723.867
2474.600
2425.800
2548.500
2396.700
2601.600
2428.300
2575.900
2651.700
2579.300
2525.100
2448.600
2479.100
2614.400
2429.700
2254.500
2380.200
2634.500
2342.800
2796.000
3256.200
2300.200
2384.700
2562.700
2759.700
2684.400
2576.400
2184.600
2477.300
2570.100
2383.000
2678.900
2707.600
2548.400
2671.900
2552.400
2476.100
2806.100
2549.700
2725.300
2588.300
2573.100
2551.900
2366.200
2306.800
2603.600
2675.000
2573.800
2360.400
2563.700
2671.000
2600.000
2489.800
2653.000
2536.200
2402.200
2592.500
2588.000
2674.100
2470.600
2345.000
2505.100
2593.100
2669.300
2500.400
2482.100
2500.800
2671.800
2677.300
2585.000
2554.200
2624.500
2477.200
2443.300
2554.500
2502.900
3049.100
2447.900
2697.100
2427.700
2577.000
2634.100
2475.800
2229.200
2569.600
2775.200
2585.100
2818.100
2407.000
2475.100
2545.000
2470.000
2280.800
2645.100
2593.900
2736.700
2413.700
2593.900
2580.500
2918.600
2612.400
3088.200
2609.600
2610.900
2689.000
2387.700
2482.400
2494.000
2546.800
2351.100
2563.000
2643.500
2797.400
2817.400
2552.400
2535.600
2606.600
2944.800
3025.400
2685.500
2627.100
2407.900
2426.000
2659.900
2377.600
2500.400
2622.400
2718.400
3063.600
2666.200
2232.000
2321.700
2445.900
2178.400
2593.000
2455.200
2608.100
2557.600
2489.000
2584.800
2549.400
2677.500
2714.300
2371.900
2551.100
2408.600
2515.400
4146.700
2453.200
2704.700
2611.200
2818.700
2424.700
2439.200
2401.600
2413.100
2422.800
2722.800
2982.600
2330.200
2285.300
2289.100
2565.400
2386.600
2809.400
3035.700
2791.000
2415.300
2314.000
2556.800
2311.000
2460.400
2692.100
2454.400
2646.900
3227.900
2568.200
2364.500
2289.400
2479.100
2494.200
2585.600
2572.500
2594.300
2623.600
3198.600
2626.500
2530.800
2439.900
2802.300
2729.300
2444.900
2627.800
2737.600
3100.200
2293.600
2482.500
3178.100
2461.200
2565.300
2501.700
2445.300
2370.600
2448.200
2506.000
2413.000
2470.400
2378.900
2523.800
2741.300
2587.600
2471.167
2565.500
3081.500
3462.800
2663.100
2433.800
2645.700
2823.200
2185.200
2490.000
2323.900
2634.300
2609.733
2930.700
2642.600
2464.100
2547.900
3378.700
2762.800
2497.200
2367.900
2782.400
2777.100
2580.800
2572.500
2696.800
2239.900
2346.900
2458.800
2982.600
2348.100
3021.400
2424.400
2518.900
2397.900
2418.500
3160.500
2303.300
2631.500
2552.500
2529.900
2544.200
2597.600
2517.200
2411.100
2563.500
2575.000
2454.400
2273.100
2437.800
2555.300
2860.300
2465.400
2569.300
2412.400
2540.700
2501.300
2773.600
2418.000
2782.400
2641.600
2803.100
2456.300
2555.400
2818.100
2624.600
2818.100
2610.600
2371.700
2626.300
2437.800
2697.500
2495.600
2415.100
2519.800
2411.800
2731.000
2818.100
2606.300
2438.400
2807.800
3059.700
2584.400
2500.300
3112.400
2679.300
2430.900
2760.100
2440.200
3802.600
2753.600
2506.200
2824.400
3895.600
3399.100
3241.800
2777.100
2516.500
3337.500
2504.400
2967.100
2689.000
2402.100
2829.500
2626.200
4329.600
2571.900
3227.900
2330.800
2503.100
2801.200
2689.000
2412.200
2256.100
2380.400
2478.400
2491.600
2527.300
2815.800
2657.200
2595.800
2520.800
2600.100
2487.700
2692.700
2605.000
2465.800
2541.700
2470.100
2475.200
2535.900
2540.500
2309.500
2606.000
2445.900
2481.500
2398.600
2589.000
2595.100
2590.400
2578.800
2511.700
2618.700
2724.700
2527.200
2706.100
2659.200
2552.400
2572.900
2774.100
2520.200
2500.200
2514.400
2572.100
2738.700
2587.300
2703.900
2570.800
2585.200
2615.600
3395.000
2558.000
2783.800
2560.400
2486.100
2702.600
2522.400
2584.300
2643.500
2451.500
2627.600
2555.400
2571.000
2649.300
2592.300
2709.100
2674.000
2628.000
2822.700
2535.900
2656.100
2179.800
2803.900
2787.800
2456.200
2684.200
2464.400
4097.700
2516.400
2663.300
2418.300
2716.300
2472.800
2708.600
2621.700
2908.800
2534.600
2537.500
2164.300
2722.800
2528.400
2599.700
2510.800
2519.200
2627.600
2697.400
2619.800
2506.600
2614.100
2655.100
2513.000
2665.200
2563.900
2444.700
2628.800
2587.300
2582.000
2529.500
2472.000
2529.100
2390.600
2666.500
2412.300
2701.900
2482.600
2426.300
2508.100
2687.300
2467.800
2582.000
2612.800
2323.500
2602.900
2437.400
2632.000
2410.800
2442.900
2487.800
2656.900
2653.200
2492.400
2797.400
2650.300
2697.200
2643.600
2623.900
2542.200
2663.900
2539.000
2445.000
2473.300
2520.300
2592.400
2282.400
2588.500
2521.500
2596.900
2509.100
2552.200
2633.800
2466.600
2428.400
2723.900
2454.800
2730.733
2632.700
2621.100
3043.400
2502.200
2614.400
2686.900
2546.600
2566.100
2571.100
2414.500
2619.900
2612.300
2691.500
2723.700
2551.700
2764.500
2393.700
2418.100
2486.400
2594.700
2678.600
2632.200
2489.100
2487.300
2529.167
2601.900
2942.600
2470.800
2450.000
2629.300
2574.800
2505.800
2560.000
2502.200
2541.000
2497.800
2540.300
2485.000
2760.500
2533.700
2665.600
2582.900
2689.900
3763.500
2615.800
2521.500
2550.600
2513.300
2663.300
3104.500
2494.900
2486.200
2690.900
2410.900
2712.700
2651.400
2393.400
2547.500
2668.900
2515.100
2523.800
2644.500
2627.400
2620.000
2549.100
2566.100
2585.400
2598.500
2592.200
2825.700
2554.700
2626.300
2784.000
2737.800
2535.800
2476.700
2274.800
2571.100
2536.300
2462.200
2570.300
2314.600
2587.600
2536.000
2602.200
2453.400
2530.200
2599.800
2674.700
2556.400
2399.200
2578.000
2546.500
2492.200
2549.200
2629.800
2652.800
2567.100
2639.200
2594.600
2820.000
2510.900
2469.700
2582.900
2551.200
2582.800
2546.700
2647.100
2684.900
2597.800
2585.700
2671.400
2638.000
2438.000
2615.000
2775.800
2369.400
3674.500
2541.000
2653.400
2545.600
2410.900
2555.200
2442.000
2370.300
2524.400
2722.900
2587.000
2487.700
2393.900
2622.100
2552.400
2552.200
2411.400
2864.800
2524.200
2621.200
2711.500
2691.100
2481.400
2564.600
2494.500
2457.900
2541.100
2384.000
2413.000
2489.100
2581.200
2364.400
2724.500
2352.200
2504.600
2565.700
2452.600
2586.200
2629.300
2443.200
2423.300
2512.200
2745.800
2703.400
2674.400
2578.900
2428.500
2499.700
2555.500
2524.400
2384.400
2487.000
2556.300
2657.200
2519.300
2566.100
2368.300
2711.700
2761.900
2548.100
2560.800
2523.800
2639.900
2669.800
2460.700
2486.100
2525.300
2671.700
2603.300
2672.200
2604.400
2650.500
2772.400
2694.300
2462.500
4007.500
2541.000
2557.467
2529.100
2641.400
2475.500
2612.200
2683.500
2495.000
2561.000
2532.700
2678.100
2575.800
2649.000
2301.800
2597.200
2449.100
2577.100
2557.600
2395.100
2577.800
2543.300
2393.900
2251.100
2669.700
2459.600
2753.200
2658.100
2559.700
2513.600
2692.800
2548.900
2653.200
2398.100
2459.900
2476.700
2638.800
2572.300
2649.600
2379.800
2537.100
2519.200
2583.200
2877.800
2265.700
2635.700
2530.000
2684.300
2781.600
2690.100
2571.600
2322.300
2634.400
2514.700
2641.700
2488.600
2426.800
2503.700
2586.800
