279
890
1
1
1
2
1
1
3
4
1
1
1
1
1
1
1
5
1
1
1
1
1
1
1
1
1
1
1
1
1
1
1
1
1
1
1
1
6
1
1
1
1
1
7
1
1
1
1
1
1
1
1
1
1
8
1
9
1
1
1
1
1
1
1
1
1
1
10
11
1
1
1
1
1
12
1
1
1
13
1
14
1
1
1
1
1
1
15
1
1
1
1
16
1
1
1
1
1
17
1
1
1
1
18
19
1
1
1
1
20
1
1
21
1
22
1
1
1
1
1
1
23
1
24
25
1
1
26
1
27
1
1
28
1
29
30
31
32
1
33
1
1
34
1
35
36
37
1
1
1
38
1
1
1
39
1
1
1
40
1
1
41
42
43
1
1
44
1
45
1
1
1
1
1
1
1
46
1
47
1
48
49
50
51
52
53
1
1
54
1
1
55
1
1
1
1
1
1
1
1
1
56
57
1
1
58
1
1
59
1
1
1
60
1
61
62
1
1
1
63
1
1
1
64
65
66
1
67
1
1
1
1
1
1
1
68
1
69
1
1
70
1
71
72
1
1
73
74
1
1
1
75
76
77
1
1
78
1
1
79
1
1
1
80
1
81
82
1
83
84
1
1
1
85
1
1
86
87
1
1
1
88
89
1
90
1
1
1
91
1
92
1
93
1
94
95
1
96
1
97
1
1
1
1
1
98
1
99
100
1
1
101
1
1
1
102
103
1
1
104
1
1
105
106
107
108
1
109
110
111
1
112
113
1
114
1
1
115
116
117
118
1
119
1
120
1
1
121
1
122
1
1
123
124
125
126
1
127
128
129
130
131
1
1
1
132
1
1
1
133
1
134
1
1
1
135
1
136
137
1
138
1
139
140
1
141
1
142
143
1
1
1
144
145
1
146
147
148
1
1
149
150
151
152
153
154
155
156
1
157
158
159
160
1
1
1
161
1
162
163
1
1
1
164
165
166
167
1
1
168
169
1
170
171
172
1
173
174
175
176
177
178
1
179
180
1
181
182
183
1
1
184
185
1
186
187
188
189
190
191
192
193
194
195
196
1
1
197
198
199
200
201
1
202
203
204
205
206
207
208
209
1
210
211
212
213
214
215
216
217
218
1
192
1
1
1
1
1
1
1
1
219
1
1
1
1
1
220
1
221
1
222
1
1
1
1
1
1
1
1
1
1
1
1
1
1
223
1
1
1
1
1
1
1
1
224
1
1
1
1
1
1
1
1
1
1
1
1
1
1
1
1
1
225
1
1
226
1
1
1
1
1
227
228
1
1
1
1
1
1
1
1
1
229
1
1
1
1
1
1
1
1
1
1
1
1
230
1
1
1
1
1
1
1
1
1
1
231
1
1
232
1
1
1
1
1
233
1
1
1
234
1
235
1
1
236
1
1
1
1
1
1
1
1
237
1
1
1
238
1
1
1
1
1
1
1
1
1
239
1
1
1
240
1
1
1
1
1
1
241
1
1
1
242
1
1
243
1
1
1
1
1
1
1
1
1
244
1
1
1
1
245
1
1
1
1
1
1
1
1
1
1
1
246
1
1
1
1
1
247
1
1
1
1
1
1
248
1
1
1
1
1
1
1
1
1
1
1
1
1
1
1
1
1
1
1
249
1
250
1
1
251
1
1
1
1
1
1
1
1
1
1
1
1
1
1
1
1
1
1
252
253
1
1
1
1
1
1
1
1
1
1
1
1
1
1
254
255
1
1
1
256
1
1
1
1
1
1
1
257
1
1
1
258
1
1
1
1
1
1
1
1
1
1
259
1
1
1
260
1
1
1
1
1
1
261
1
262
1
1
1
1
1
1
1
1
1
1
1
1
1
1
1
263
1
1
1
1
1
1
1
1
1
1
1
1
1
1
1
1
1
264
265
1
1
266
1
1
1
267
268
1
1
269
1
1
270
1
1
1
1
271
1
1
272
273
1
274
1
1
1
1
1
1
1
275
276
1
1
1
1
1
1
1
1
1
277
1
1
1
1
1
1
278
1
1
1
1
279
1
1
611
0 889 12.883
0 888 12.633
0 884 10.640
0 881 10.800
0 880 14.757
0 879 12.750
0 878 10.800
0 874 15.900
0 867 15.753
0 863 11.791
0 860 12.833
0 859 13.900
0 857 15.793
0 852 10.740
0 843 11.736
0 837 12.867
0 835 12.750
0 833 10.720
0 829 15.780
0 825 12.817
0 820 11.845
0 815 14.729
0 814 14.814
0 804 13.808
0 803 10.800
0 802 14.829
0 799 12.900
0 793 10.800
0 788 13.808
0 786 12.767
0 776 11.755
0 773 18.878
0 771 10.600
0 770 10.880
0 765 11.773
0 751 12.867
0 735 12.783
0 727 14.829
0 724 13.823
0 716 10.860
0 714 11.809
0 710 10.840
0 708 11.900
0 706 12.850
0 705 15.847
0 704 13.823
0 702 10.820
0 700 10.740
0 691 10.820
0 687 13.715
0 677 11.864
0 672 10.680
0 668 11.700
0 661 12.717
0 659 13.823
0 654 14.829
0 649 15.780
0 644 14.843
0 643 10.840
0 638 18.800
0 631 11.736
0 626 11.755
0 621 13.777
0 620 12.817
0 619 10.680
0 616 12.683
0 606 12.850
0 601 14.729
0 595 21.881
0 593 11.736
0 591 12.750
0 586 12.783
0 583 14.700
0 580 12.567
0 579 13.885
0 578 14.786
0 574 13.792
0 570 12.850
0 569 10.900
0 565 11.791
0 563 10.740
0 560 11.682
0 559 15.713
0 556 18.900
0 554 18.822
0 549 10.780
0 547 13.792
0 545 13.669
0 544 12.717
0 535 16.825
0 532 11.809
0 531 10.760
0 530 10.820
0 528 11.791
0 526 11.755
0 524 11.645
0 522 13.731
0 519 10.760
0 518 11.755
0 516 12.850
0 513 10.760
0 509 11.736
0 507 13.746
0 504 16.875
0 502 11.882
0 501 13.608
0 493 13.869
0 492 12.867
0 471 13.808
0 464 10.880
0 452 14.786
0 427 10.720
0 416 12.867
0 414 11.791
0 407 10.740
0 373 12.883
0 332 12.833
0 329 10.800
0 325 13.731
0 320 10.880
0 313 11.791
0 303 12.833
0 290 10.800
0 286 14.843
0 278 13.746
0 274 12.733
0 261 11.573
0 260 11.845
0 257 13.792
0 256 10.580
0 249 13.715
0 248 14.814
0 244 13.808
0 243 17.818
0 237 11.827
0 232 14.814
0 231 14.786
0 221 12.817
0 212 14.814
0 209 12.850
0 208 15.673
0 205 11.755
0 203 15.820
0 202 12.750
0 199 24.817
0 171 10.740
0 163 10.800
0 158 14.700
0 154 10.720
0 140 11.845
0 127 11.664
0 125 10.780
0 118 12.867
0 117 10.820
0 116 12.817
0 112 12.700
0 109 10.780
0 107 13.823
0 99 14.843
0 96 11.809
0 94 11.773
0 85 13.792
0 83 10.860
0 81 11.809
0 78 11.773
0 74 10.820
0 71 11.736
0 65 14.843
0 64 10.720
0 63 12.800
0 61 13.900
0 57 12.700
0 54 11.755
0 48 12.650
0 47 11.755
0 46 10.740
0 44 11.718
0 32 14.743
0 28 13.762
0 24 11.864
0 23 10.740
0 22 11.791
0 21 10.860
0 20 10.780
0 17 17.676
0 16 10.800
0 12 12.683
0 9 11.827
0 8 16.863
0 5 11.645
0 1 13.715
889 840 11.791
889 766 11.827
889 764 12.817
889 743 11.791
889 737 12.833
889 728 11.809
889 703 10.860
889 689 10.840
889 685 12.833
889 684 11.845
889 675 11.845
889 666 11.736
889 640 12.833
889 628 13.777
889 622 14.743
889 533 10.840
889 520 13.808
889 503 10.800
889 397 12.683
889 378 10.700
889 173 10.820
889 172 17.794
889 156 12.750
889 147 11.755
889 106 14.600
889 69 10.820
888 844 11.682
888 800 10.660
888 729 11.773
888 713 10.760
888 690 11.755
888 674 10.800
888 646 10.700
888 551 11.791
888 541 12.717
888 345 10.660
888 238 11.809
888 31 10.880
888 4 10.800
884 869 13.715
884 861 10.800
884 858 11.755
884 679 11.718
884 647 11.773
884 629 10.720
884 604 10.780
884 499 10.780
884 152 15.713
884 129 12.733
881 885 18.744
881 883 10.820
881 871 10.740
881 862 16.825
881 855 19.795
881 846 12.667
881 841 10.660
881 828 15.833
881 827 15.820
881 824 11.827
881 819 13.731
881 818 11.827
881 816 10.780
881 811 10.740
881 779 11.718
881 778 12.750
881 761 10.780
881 748 11.736
881 747 10.780
881 746 12.717
881 734 12.800
881 731 19.784
881 701 12.783
881 698 10.760
881 697 15.793
881 694 17.818
881 683 13.823
881 680 10.800
881 671 13.777
881 667 13.731
881 663 14.729
881 656 14.786
881 653 11.736
881 651 13.869
881 650 12.817
881 642 11.664
881 635 15.727
881 634 11.664
881 633 12.817
881 630 13.808
881 625 10.800
881 618 16.850
881 617 12.733
881 615 13.900
881 612 13.762
881 603 11.773
881 597 16.850
881 581 12.733
881 577 12.700
881 575 10.780
881 573 22.836
881 550 10.880
881 548 10.780
881 546 10.860
881 543 13.700
881 539 15.793
881 536 17.853
881 514 14.714
881 512 18.656
881 511 15.727
881 496 11.809
881 420 10.720
881 419 11.845
881 412 10.760
881 389 11.791
881 372 12.717
881 361 12.700
881 335 14.757
881 312 11.773
881 305 10.760
881 300 13.685
881 277 15.753
881 266 15.727
881 247 13.731
881 219 21.757
881 168 11.736
881 166 10.840
881 151 10.660
881 139 10.780
881 104 10.780
881 95 13.731
881 82 12.800
881 80 11.809
881 75 12.717
881 70 14.757
881 68 13.731
881 60 13.792
881 56 10.780
881 37 17.759
881 27 11.755
881 18 11.645
881 14 12.733
881 11 18.733
880 873 10.700
880 836 10.840
880 826 13.731
880 817 11.736
880 810 12.817
880 809 14.757
880 801 11.809
880 784 11.736
880 780 12.667
880 777 13.715
880 758 10.720
880 754 13.792
880 753 12.733
880 749 12.750
880 744 12.783
880 733 10.800
880 723 16.750
880 718 10.620
880 711 11.773
880 693 12.833
880 681 15.713
880 660 10.780
880 657 14.843
880 636 14.757
880 632 12.833
880 608 12.783
880 607 10.600
880 589 10.820
880 588 19.795
880 584 10.720
880 568 13.777
880 557 15.740
880 498 17.759
880 494 10.760
880 441 14.657
880 430 14.657
880 413 10.860
880 393 10.740
880 380 10.760
880 371 11.900
880 363 10.700
880 355 14.743
880 350 12.883
880 349 13.762
880 302 10.820
880 292 14.729
880 285 12.767
880 282 11.900
880 215 11.755
880 197 12.700
880 196 14.714
880 195 13.808
880 174 10.820
880 164 17.806
880 137 10.760
880 130 10.820
880 92 19.753
880 76 10.820
880 72 13.685
880 45 15.860
880 43 12.683
880 40 13.792
880 34 10.760
880 25 12.750
879 868 10.780
879 849 11.664
879 798 15.900
879 738 10.800
879 730 10.740
879 709 10.800
879 692 10.660
879 676 10.860
879 658 13.808
879 639 10.820
879 624 10.760
879 515 10.820
879 480 19.826
879 448 13.715
879 385 15.900
879 299 11.773
879 279 15.767
879 271 11.882
879 216 19.721
879 193 11.845
879 132 14.871
879 114 18.700
879 90 14.786
879 49 11.900
879 33 15.753
879 30 12.800
879 26 10.880
879 19 10.880
879 13 10.780
878 851 14.800
878 775 11.864
878 769 15.780
878 712 16.813
878 678 19.763
878 664 13.715
878 590 15.860
878 542 13.777
878 505 12.750
878 375 11.718
878 301 11.845
878 230 15.900
878 229 10.780
878 194 18.811
878 100 15.740
878 89 10.740
878 87 12.767
878 2 10.660
874 762 10.900
874 529 13.900
874 50 19.900
867 782 15.793
867 781 12.767
867 750 11.900
867 721 12.817
867 673 12.783
867 669 10.820
867 610 12.683
867 558 10.760
867 553 10.780
867 540 13.746
867 527 10.780
867 311 13.823
867 254 15.807
867 225 11.773
867 192 12.783
867 186 14.786
867 110 12.850
867 62 11.900
867 38 11.827
867 10 11.882
863 872 11.809
863 821 11.773
863 813 10.840
863 806 10.800
863 797 11.664
863 792 16.725
863 785 11.827
863 745 11.791
863 741 11.718
863 696 15.793
863 686 17.782
863 645 12.767
863 587 11.827
863 582 10.760
863 571 10.860
863 537 15.700
863 523 10.900
863 495 11.791
863 369 10.780
863 273 12.833
863 253 16.825
863 189 13.762
863 170 10.740
863 155 12.817
863 98 14.786
863 93 15.727
860 388 12.900
860 383 10.720
860 88 12.850
857 790 11.791
857 295 10.780
857 159 12.817
857 148 11.845
857 121 10.840
852 722 11.809
852 185 13.762
843 848 11.791
843 759 10.760
843 752 10.780
843 726 10.700
843 576 13.792
843 210 15.780
835 808 10.700
835 421 11.773
835 297 10.820
833 736 12.733
833 538 10.860
833 124 10.760
829 791 13.885
829 497 11.809
829 398 10.720
829 344 11.827
829 188 14.871
825 807 13.715
825 719 11.791
825 284 10.860
825 228 11.773
820 725 10.720
814 707 11.791
814 662 11.827
814 594 10.860
814 362 11.791
814 263 11.809
814 235 11.791
814 220 13.808
804 51 10.720
803 757 12.817
803 169 10.640
802 600 13.792
799 767 10.900
793 805 10.740
788 832 10.720
788 822 10.860
788 795 10.820
788 142 11.700
788 29 12.850
776 732 15.767
776 59 10.780
776 39 11.736
773 52 11.864
765 198 11.755
751 613 14.786
751 35 10.740
727 774 10.840
727 115 10.860
710 699 10.740
708 517 11.900
706 598 10.780
706 217 10.700
702 876 11.791
700 146 10.720
691 602 11.755
691 490 11.791
661 434 10.860
659 176 10.840
654 592 10.840
649 309 10.760
649 270 10.780
638 866 12.750
620 317 10.840
620 101 10.780
616 308 11.700
579 567 12.900
579 206 11.773
579 150 10.860
578 823 12.900
578 240 10.700
578 233 12.817
569 84 10.840
569 41 12.867
513 886 12.850
501 316 10.700
464 564 10.760
313 390 10.760
303 521 10.760
303 347 11.900
278 566 10.760
274 288 10.760
261 367 10.680
244 444 10.820
231 259 10.760
209 426 12.867
209 191 11.773
208 119 10.680
199 340 11.773
158 319 11.755
116 58 10.800
57 366 12.800
737 449 10.760
675 870 12.867
503 763 10.680
858 178 11.700
871 365 12.767
871 334 10.760
862 789 12.817
855 465 10.800
779 269 10.760
747 877 10.860
412 105 11.682
753 742 10.900
302 227 10.840
797 342 10.880
421 847 12.817
459 491 11.845
7788.487
