889
251 143 1.100
666 555 1.100
558 144 1.100
59 296 1.100
21 296 1.100
426 797 1.100
837 284 1.100
69 424 1.100
138 692 1.100
138 127 1.100
424 173 1.100
424 260 1.100
138 107 1.100
141 807 1.100
424 349 1.100
141 784 1.100
69 190 1.100
141 535 1.100
141 506 1.100
141 317 1.100
141 295 1.100
424 538 1.100
141 174 1.100
141 164 1.100
424 594 1.100
142 743 1.100
142 594 1.100
560 487 1.100
142 111 1.100
143 815 1.100
143 704 1.100
143 678 1.100
143 538 1.100
560 384 1.100
143 406 1.100
839 127 1.100
144 781 1.100
144 779 1.100
144 778 1.100
144 767 1.100
144 764 1.100
560 246 1.100
144 727 1.100
144 705 1.100
144 701 1.100
144 690 1.100
144 685 1.100
144 683 1.100
144 661 1.100
127 165 1.100
144 660 1.100
144 656 1.100
144 647 1.100
555 104 1.100
555 106 1.100
888 718 1.100
144 635 1.100
127 324 1.100
144 603 1.100
127 417 1.100
144 595 1.100
144 584 1.100
144 575 1.100
127 572 1.100
127 605 1.100
144 540 1.100
144 532 1.100
144 514 1.100
144 509 1.100
144 480 1.100
663 877 1.100
555 255 1.100
144 416 1.100
555 259 1.100
144 371 1.100
144 340 1.100
144 331 1.100
144 311 1.100
555 361 1.100
144 277 1.100
144 212 1.100
144 199 1.100
144 185 1.100
144 156 1.100
144 154 1.100
144 115 1.100
144 114 1.100
144 65 1.100
144 48 1.100
555 610 1.100
144 37 1.100
841 207 1.100
555 724 1.100
147 740 1.100
594 845 1.100
594 795 1.100
662 107 1.100
58 667 1.100
666 293 1.100
866 797 1.100
149 296 1.100
594 564 1.100
866 185 1.100
4 845 1.100
57 67 1.100
5 293 1.100
552 545 1.100
740 635 1.100
740 631 1.100
594 167 1.100
156 572 1.100
72 637 1.100
663 293 1.100
833 768 1.100
72 572 1.100
119 206 1.100
667 854 1.100
159 190 1.100
160 807 1.100
160 790 1.100
160 278 1.100
614 718 1.100
160 217 1.100
865 117 1.100
118 190 1.100
547 491 1.100
118 293 1.100
411 178 1.100
164 572 1.100
164 571 1.100
545 211 1.100
68 190 1.100
167 112 1.100
684 111 1.100
865 259 1.100
114 49 1.100
407 255 1.100
178 716 1.100
845 714 1.100
667 400 1.100
178 394 1.100
178 294 1.100
178 259 1.100
178 67 1.100
667 382 1.100
585 576 1.100
20 287 1.100
718 190 1.100
845 598 1.100
73 672 1.100
112 91 1.100
538 296 1.100
667 306 1.100
401 607 1.100
824 315 1.100
51 381 1.100
401 812 1.100
189 324 1.100
190 820 1.100
20 384 1.100
190 782 1.100
111 18 1.100
535 190 1.100
20 460 1.100
24 293 1.100
190 675 1.100
190 625 1.100
111 243 1.100
190 591 1.100
190 581 1.100
190 570 1.100
190 526 1.100
190 524 1.100
190 504 1.100
190 369 1.100
397 506 1.100
190 257 1.100
394 518 1.100
190 249 1.100
394 630 1.100
190 247 1.100
190 224 1.100
193 792 1.100
193 729 1.100
389 255 1.100
193 340 1.100
193 47 1.100
821 589 1.100
821 865 1.100
206 785 1.100
718 527 1.100
206 570 1.100
206 213 1.100
107 473 1.100
206 12 1.100
207 634 1.100
207 624 1.100
207 302 1.100
207 229 1.100
211 212 1.100
104 715 1.100
812 2 1.100
442 18 1.100
382 607 1.100
223 18 1.100
572 806 1.100
572 780 1.100
10 295 1.100
518 882 1.100
572 706 1.100
232 296 1.100
45 572 1.100
233 607 1.100
444 610 1.100
759 487 1.100
235 341 1.100
235 246 1.100
2 781 1.100
657 296 1.100
246 781 1.100
572 43 1.100
572 40 1.100
781 272 1.100
806 77 1.100
806 627 1.100
872 607 1.100
370 12 1.100
610 308 1.100
254 350 1.100
254 324 1.100
255 325 1.100
448 487 1.100
803 293 1.100
64 609 1.100
802 296 1.100
703 287 1.100
715 622 1.100
452 623 1.100
284 296 1.100
285 296 1.100
363 487 1.100
18 342 1.100
714 321 1.100
359 308 1.100
293 345 1.100
293 332 1.100
293 88 1.100
296 84 1.100
323 882 1.100
672 324 1.300
344 222 1.300
588 482 1.300
344 333 1.300
67 674 1.300
343 240 1.300
67 668 1.300
672 365 1.300
343 587 1.300
343 695 1.300
855 111 1.300
343 729 1.300
17 144 1.300
30 211 1.300
342 408 1.300
345 794 1.300
342 752 1.300
341 25 1.300
341 205 1.300
345 461 1.300
465 806 1.300
341 236 1.300
341 511 1.300
609 296 1.300
341 881 1.300
340 207 1.300
854 23 1.300
340 512 1.300
340 761 1.300
340 862 1.300
689 765 1.300
336 57 1.300
609 543 1.300
609 566 1.300
786 442 1.300
854 169 1.300
471 157 1.300
471 144 1.300
471 70 1.300
588 358 1.300
333 59 1.300
84 822 1.300
473 319 1.300
333 574 1.300
620 144 1.300
875 73 1.300
346 776 1.300
31 138 1.300
882 373 1.300
726 668 1.300
787 596 1.300
875 137 1.300
462 509 1.300
331 1 1.300
875 181 1.300
346 302 1.300
875 208 1.300
331 531 1.300
347 107 1.300
330 74 1.300
330 208 1.300
875 375 1.300
882 268 1.300
875 503 1.300
875 522 1.300
32 637 1.300
875 568 1.300
787 169 1.300
722 296 1.300
787 150 1.300
325 307 1.300
66 414 1.300
689 745 1.300
609 791 1.300
620 358 1.300
789 801 1.300
620 428 1.300
84 516 1.300
482 495 1.300
461 60 1.300
482 362 1.300
482 300 1.300
324 629 1.300
482 94 1.300
726 198 1.300
323 430 1.300
726 50 1.300
16 296 1.300
322 169 1.300
66 797 1.300
623 888 1.300
789 527 1.300
486 448 1.300
319 380 1.300
319 413 1.300
319 680 1.300
318 416 1.300
318 849 1.300
33 120 1.300
789 261 1.300
883 806 1.300
486 51 1.300
350 519 1.300
579 729 1.300
317 733 1.300
29 7 1.300
727 136 1.300
620 720 1.300
578 3 1.300
85 627 1.300
81 715 1.300
487 497 1.300
862 53 1.300
18 755 1.300
316 23 1.300
882 747 1.300
487 237 1.300
487 176 1.300
316 753 1.300
315 5 1.300
16 732 1.300
65 162 1.300
790 836 1.300
313 428 1.300
728 555 1.300
351 193 1.300
578 442 1.300
352 512 1.300
311 215 1.300
489 428 1.300
309 58 1.300
34 119 1.300
309 870 1.300
460 810 1.300
354 596 1.300
707 812 1.300
35 870 1.300
308 673 1.300
307 867 1.300
490 655 1.300
303 167 1.300
882 774 1.300
681 506 1.300
793 865 1.300
729 885 1.300
783 144 1.300
671 720 1.300
768 560 1.300
608 136 1.300
729 840 1.300
299 145 1.300
299 720 1.300
577 118 1.300
794 645 1.300
794 554 1.300
459 700 1.300
794 513 1.300
794 502 1.300
794 238 1.300
493 428 1.300
626 555 1.300
80 141 1.300
296 41 1.300
457 72 1.300
358 816 1.300
296 87 1.300
296 184 1.300
296 219 1.300
358 775 1.300
18 602 1.300
856 58 1.300
358 741 1.300
296 393 1.300
358 649 1.300
296 529 1.300
358 547 1.300
296 709 1.300
296 770 1.300
358 521 1.300
296 804 1.300
767 800 1.300
296 859 1.300
358 378 1.300
729 550 1.300
687 190 1.300
294 544 1.300
496 865 1.300
729 449 1.300
766 174 1.300
670 12 1.300
294 748 1.300
293 11 1.300
729 390 1.300
293 28 1.300
293 44 1.300
293 63 1.300
576 118 1.300
293 148 1.300
293 270 1.300
882 851 1.300
89 821 1.300
293 420 1.300
689 418 1.300
359 606 1.300
78 193 1.300
361 368 1.300
293 852 1.300
795 723 1.300
38 572 1.300
361 131 1.300
607 422 1.300
90 889 1.300
796 657 1.300
765 218 1.300
289 107 1.300
38 56 1.300
729 196 1.300
627 698 1.300
288 542 1.300
363 763 1.300
287 46 1.300
90 422 1.300
729 140 1.300
363 760 1.300
715 860 1.300
287 844 1.300
286 144 1.300
500 866 1.300
500 719 1.300
500 653 1.300
500 418 1.300
13 160 1.300
285 510 1.300
39 105 1.300
501 206 1.300
610 736 1.300
715 710 1.300
282 401 1.300
364 411 1.300
279 58 1.300
628 207 1.300
873 884 1.300
629 717 1.300
715 658 1.300
272 771 1.300
271 383 1.300
271 428 1.300
715 604 1.300
884 805 1.300
268 721 1.300
268 817 1.300
505 781 1.300
263 812 1.300
506 835 1.300
506 650 1.300
366 888 1.300
506 546 1.300
864 724 1.300
367 839 1.300
260 437 1.300
260 655 1.300
884 592 1.300
507 572 1.300
42 715 1.300
803 826 1.300
731 717 1.300
884 429 1.300
884 424 1.300
669 143 1.300
884 399 1.300
850 806 1.300
255 8 1.300
255 152 1.300
255 220 1.300
96 144 1.300
255 537 1.300
255 738 1.300
508 73 1.300
618 424 1.300
252 10 1.300
849 201 1.300
98 432 1.300
325 699 1.300
76 178 1.300
250 776 1.300
632 422 1.300
806 694 1.300
447 816 1.300
806 415 1.300
806 179 1.300
806 151 1.300
99 760 1.300
583 411 1.300
572 0 1.300
761 409 1.300
849 772 1.300
572 52 1.300
246 640 1.300
27 655 1.300
849 830 1.300
849 834 1.300
871 131 1.300
244 555 1.300
780 520 1.300
808 424 1.300
512 404 1.300
617 428 1.300
572 186 1.300
633 137 1.300
240 814 1.300
100 190 1.300
572 421 1.300
513 122 1.300
234 58 1.300
19 383 1.300
379 555 1.300
616 190 1.300
810 648 1.300
635 600 1.300
572 593 1.300
515 190 1.300
75 424 1.300
811 190 1.300
700 52 1.300
516 182 1.300
227 178 1.300
381 737 1.300
686 426 1.300
572 751 1.300
381 54 1.300
102 422 1.300
223 843 1.300
221 136 1.300
590 190 1.300
571 744 1.300
700 847 1.300
699 392 1.300
2 419 1.300
105 545 1.300
209 144 1.300
639 144 1.300
9 428 1.300
207 168 1.300
383 132 1.300
107 746 1.300
752 642 1.300
107 548 1.300
2 200 1.300
20 838 1.300
846 136 1.300
441 120 1.300
441 144 1.300
818 191 1.300
204 718 1.300
200 192 1.300
777 136 1.300
868 157 1.300
820 191 1.300
820 146 1.300
109 178 1.300
530 162 1.300
193 427 1.300
193 553 1.300
110 136 1.300
667 153 1.300
599 663 1.300
190 7 1.300
190 130 1.300
190 155 1.300
643 178 1.300
113 555 1.300
178 125 1.300
878 57 1.300
880 136 1.300
541 667 1.300
542 418 1.300
825 144 1.300
172 555 1.300
432 422 1.300
646 555 1.300
827 144 1.300
116 428 1.300
166 144 1.300
158 144 1.300
563 144 1.300
723 425 1.300
428 861 1.300
144 559 1.300
612 143 1.300
678 696 1.500
134 778 1.500
134 725 1.500
59 129 1.500
134 225 1.500
693 725 1.500
720 139 1.500
59 177 1.500
837 86 1.500
651 341 1.500
136 638 1.500
736 664 1.500
720 273 1.500
136 539 1.500
720 274 1.500
136 412 1.500
136 355 1.500
136 248 1.500
136 210 1.500
136 171 1.500
136 163 1.500
887 43 1.500
59 269 1.500
137 853 1.500
137 757 1.500
720 372 1.500
132 398 1.500
137 688 1.500
866 326 1.500
131 659 1.500
720 494 1.500
138 749 1.500
59 436 1.500
138 611 1.500
138 385 1.500
887 121 1.500
138 334 1.500
138 297 1.500
720 565 1.500
138 228 1.500
138 226 1.500
138 197 1.500
557 186 1.500
139 676 1.500
139 478 1.500
139 476 1.500
139 194 1.500
887 216 1.500
836 253 1.500
141 848 1.500
720 691 1.500
141 809 1.500
141 758 1.500
141 679 1.500
141 636 1.500
141 562 1.500
737 450 1.500
141 339 1.500
141 82 1.500
887 266 1.500
650 439 1.500
652 753 1.500
592 15 1.500
720 769 1.500
556 266 1.500
720 819 1.500
720 828 1.500
142 22 1.500
720 863 1.500
720 886 1.500
144 829 1.500
653 842 1.500
58 101 1.500
555 6 1.500
735 144 1.500
555 93 1.500
840 245 1.500
144 549 1.500
555 242 1.500
678 832 1.500
692 203 1.500
60 298 1.500
555 283 1.500
126 817 1.500
555 446 1.500
555 580 1.500
555 586 1.500
555 601 1.500
555 644 1.500
58 335 1.500
555 702 1.500
692 443 1.500
124 725 1.500
147 402 1.500
554 301 1.500
122 195 1.500
122 533 1.500
5 483 1.500
148 742 1.500
149 869 1.500
149 788 1.500
149 551 1.500
654 870 1.500
739 751 1.500
150 292 1.500
150 291 1.500
150 26 1.500
552 858 1.500
154 275 1.500
734 86 1.500
594 305 1.500
592 453 1.500
648 762 1.500
119 374 1.500
157 170 1.500
3 97 1.500
157 14 1.500
160 713 1.500
865 95 1.500
161 867 1.500
162 498 1.500
162 312 1.500
830 621 1.500
118 697 1.500
165 388 1.500
843 281 1.500
167 712 1.500
744 230 1.500
169 499 1.500
543 180 1.500
734 386 1.500
826 175 1.500
826 488 1.500
826 619 1.500
826 876 1.500
645 799 1.500
597 572 1.500
655 573 1.500
655 528 1.500
538 314 1.500
184 813 1.500
845 83 1.500
51 456 1.500
536 90 1.500
188 434 1.500
188 73 1.500
643 337 1.500
846 730 1.500
599 231 1.500
749 103 1.500
750 626 1.500
202 854 1.500
751 403 1.500
207 71 1.500
717 329 1.500
211 320 1.500
677 503 1.500
754 449 1.500
755 256 1.500
812 92 1.500
756 495 1.500
812 360 1.500
812 613 1.500
572 582 1.500
232 405 1.500
634 241 1.500
512 258 1.500
98 357 1.500
506 857 1.500
269 290 1.500
492 399 1.500
792 464 1.500
854 711 1.500
487 879 1.500
708 428 1.500
674 304 1.700
421 773 1.700
416 128 1.700
429 517 1.700
613 455 1.700
618 62 1.700
449 474 1.700
454 326 1.700
477 815 1.700
311 280 1.700
276 52 1.700
240 61 1.700
234 569 1.700
214 848 1.700
345 376 1.900
663 458 1.900
345 395 1.900
620 79 1.900
345 327 1.900
345 423 1.900
708 387 1.900
345 431 1.900
345 433 1.900
345 435 1.900
345 438 1.900
345 440 1.900
345 445 1.900
345 451 1.900
587 798 1.900
876 525 1.900
345 475 1.900
345 484 1.900
345 485 1.900
345 267 1.900
587 874 1.900
620 55 1.900
708 353 1.900
345 135 1.900
69 410 1.900
708 466 1.900
723 615 1.900
0 823 1.900
672 265 1.900
862 665 1.900
69 183 1.900
69 123 1.900
723 468 1.900
586 567 1.900
861 239 1.900
723 264 1.900
620 187 1.900
344 262 1.900
587 481 1.900
861 356 1.900
861 396 1.900
861 470 1.900
861 523 1.900
348 885 1.900
584 108 1.900
587 338 1.900
860 36 1.900
620 472 1.900
350 641 1.900
583 328 1.900
0 377 1.900
581 682 1.900
76 534 1.900
686 469 1.900
361 391 1.900
82 133 1.900
591 467 1.900
92 561 1.900
310 615 1.900
521 463 1.900
880 831 1.900
434 479 1.900
1183.700
