889
1 287 1.3
2 781 1.1
3 527 1.3
4 845 1.1
5 293 1.1
6 295 1.5
7 190 1.3
8 255 1.3
9 428 1.3
10 295 1.1
11 293 1.3
12 206 1.1
13 160 1.3
14 324 1.5
15 690 1.5
16 296 1.3
17 144 1.3
18 324 1.1
19 383 1.3
20 384 1.1
21 296 1.1
22 560 1.5
23 18 1.3
24 293 1.1
25 138 1.3
26 369 1.5
27 655 1.3
28 178 1.3
29 7 1.3
30 571 1.3
31 138 1.3
32 637 1.3
33 120 1.3
34 119 1.3
35 156 1.3
36 243 1.9
37 144 1.1
38 572 1.3
39 105 1.3
40 572 1.1
41 296 1.3
42 715 1.3
43 572 1.1
44 178 1.3
45 572 1.1
46 255 1.3
47 193 1.1
48 144 1.1
49 114 1.1
50 555 1.3
51 655 1.3
52 572 1.3
53 780 1.3
54 381 1.3
55 806 1.9
56 38 1.3
57 67 1.1
58 667 1.1
59 296 1.1
60 461 1.3
61 240 1.7
62 471 1.7
63 293 1.3
64 609 1.1
65 144 1.1
66 797 1.3
67 178 1.1
68 190 1.1
69 190 1.1
70 471 1.3
71 572 1.5
72 572 1.1
73 672 1.1
74 729 1.3
75 424 1.3
76 178 1.3
77 806 1.1
78 193 1.3
79 782 1.9
80 572 1.3
81 715 1.3
82 572 1.5
83 845 1.5
84 296 1.1
85 572 1.3
86 714 1.5
87 296 1.3
88 293 1.1
89 821 1.3
90 422 1.3
91 112 1.1
92 812 1.5
93 572 1.5
94 482 1.3
95 406 1.5
96 144 1.3
97 785 1.5
98 432 1.3
99 760 1.3
100 190 1.3
101 572 1.5
102 422 1.3
103 661 1.5
104 715 1.1
105 545 1.3
106 555 1.1
107 605 1.1
108 706 1.9
109 178 1.3
110 136 1.3
111 18 1.1
112 167 1.1
113 555 1.3
114 144 1.1
115 144 1.1
116 428 1.3
117 865 1.1
118 190 1.1
119 206 1.1
120 555 1.3
121 627 1.5
122 513 1.3
123 0 1.9
124 844 1.5
125 178 1.3
126 817 1.5
127 572 1.1
128 704 1.7
129 411 1.5
130 190 1.3
131 361 1.3
132 383 1.3
133 18 1.9
134 324 1.5
135 706 1.9
136 174 1.3
137 18 1.3
138 127 1.1
139 572 1.5
140 729 1.3
141 506 1.1
142 111 1.1
143 251 1.1
144 656 1.1
145 751 1.3
146 820 1.3
147 740 1.1
148 293 1.3
149 296 1.1
150 184 1.3
151 806 1.3
152 255 1.3
153 667 1.3
154 144 1.1
155 190 1.3
156 572 1.1
157 18 1.3
158 144 1.3
159 190 1.1
160 506 1.1
161 867 1.5
162 663 1.3
163 637 1.5
164 572 1.1
165 127 1.1
166 144 1.3
167 594 1.1
168 207 1.3
169 156 1.3
170 506 1.5
171 255 1.5
172 555 1.3
173 424 1.1
174 572 1.1
175 361 1.5
176 487 1.3
177 59 1.5
178 190 1.1
179 572 1.3
180 815 1.5
181 572 1.3
182 680 1.3
183 656 1.9
184 178 1.3
185 144 1.1
186 572 1.3
187 780 1.9
188 73 1.5
189 324 1.1
190 107 1.1
191 820 1.3
192 142 1.3
193 296 1.1
194 10 1.5
195 235 1.5
196 729 1.3
197 506 1.5
198 317 1.3
199 190 1.1
200 2 1.3
201 846 1.3
202 572 1.5
203 692 1.5
204 718 1.3
205 715 1.3
206 570 1.1
207 229 1.1
208 330 1.3
209 144 1.3
210 190 1.5
211 212 1.1
212 144 1.1
213 206 1.1
214 848 1.7
215 58 1.3
216 839 1.5
217 160 1.1
218 765 1.3
219 296 1.3
220 724 1.3
221 136 1.3
222 88 1.3
223 18 1.1
224 190 1.1
225 637 1.5
226 138 1.5
227 178 1.3
228 324 1.5
229 324 1.3
230 384 1.5
231 572 1.5
232 296 1.1
233 607 1.1
234 58 1.3
235 246 1.1
236 255 1.3
237 572 1.3
238 193 1.3
239 656 1.9
240 724 1.3
241 634 1.5
242 714 1.5
243 190 1.1
244 555 1.3
245 806 1.5
246 560 1.1
247 190 1.1
248 506 1.5
249 190 1.1
250 776 1.3
251 190 1.1
252 10 1.3
253 444 1.5
254 324 1.1
255 389 1.1
256 572 1.5
257 190 1.1
258 244 1.5
259 178 1.1
260 424 1.1
261 487 1.3
262 448 1.9
263 812 1.3
264 164 1.9
265 780 1.9
266 506 1.5
267 806 1.9
268 882 1.3
269 317 1.5
270 820 1.3
271 383 1.3
272 781 1.1
273 572 1.5
274 572 1.5
275 154 1.5
276 52 1.7
277 293 1.1
278 572 1.1
279 58 1.3
280 45 1.7
281 843 1.5
282 401 1.3
283 714 1.5
284 296 1.1
285 296 1.1
286 144 1.3
287 20 1.1
288 542 1.3
289 127 1.3
290 856 1.5
291 236 1.5
292 384 1.5
293 656 1.1
294 18 1.1
295 572 1.1
296 350 1.1
297 324 1.5
298 389 1.5
299 720 1.3
300 293 1.3
301 18 1.5
302 207 1.1
303 572 1.3
304 820 1.7
305 594 1.5
306 667 1.1
307 524 1.3
308 610 1.1
309 812 1.3
310 716 1.9
311 144 1.1
312 487 1.5
313 428 1.3
314 538 1.5
315 127 1.3
316 729 1.3
317 572 1.1
318 416 1.3
319 605 1.3
320 384 1.5
321 714 1.1
322 815 1.3
323 882 1.1
324 127 1.1
325 255 1.1
326 572 1.5
327 714 1.9
328 656 1.9
329 39 1.5
330 74 1.3
331 144 1.1
332 293 1.1
333 692 1.3
334 138 1.5
335 118 1.5
336 178 1.3
337 88 1.5
338 10 1.9
339 572 1.5
340 193 1.1
341 235 1.1
342 18 1.1
343 729 1.3
344 333 1.3
345 293 1.1
346 302 1.3
347 107 1.3
348 72 1.9
349 424 1.1
350 254 1.1
351 193 1.3
352 512 1.3
353 0 1.9
354 555 1.3
355 714 1.5
356 780 1.9
357 29 1.5
358 324 1.3
359 308 1.1
360 888 1.5
361 555 1.1
362 482 1.3
363 487 1.1
364 411 1.3
365 784 1.3
366 888 1.3
367 839 1.3
368 724 1.3
369 190 1.1
370 12 1.1
371 144 1.1
372 272 1.5
373 882 1.3
374 10 1.5
375 572 1.3
376 0 1.9
377 0 1.9
378 358 1.3
379 555 1.3
380 845 1.3
381 51 1.1
382 607 1.1
383 417 1.3
384 560 1.1
385 324 1.5
386 792 1.5
387 714 1.9
388 165 1.5
389 324 1.1
390 729 1.3
391 10 1.9
392 416 1.3
393 18 1.3
394 18 1.1
395 656 1.9
396 780 1.9
397 506 1.1
398 706 1.5
399 884 1.3
400 667 1.1
401 607 1.1
402 655 1.5
403 751 1.5
404 558 1.3
405 232 1.5
406 143 1.1
407 255 1.1
408 342 1.3
409 761 1.3
410 655 1.9
411 178 1.1
412 394 1.5
413 319 1.3
414 637 1.3
415 806 1.3
416 144 1.1
417 127 1.1
418 114 1.3
419 2 1.3
420 637 1.3
421 572 1.3
422 504 1.3
423 0 1.9
424 69 1.1
425 723 1.3
426 797 1.1
427 193 1.3
428 106 1.3
429 884 1.3
430 138 1.3
431 706 1.9
432 422 1.3
433 656 1.9
434 315 1.5
435 806 1.9
436 714 1.5
437 260 1.3
438 692 1.9
439 759 1.5
440 692 1.9
441 144 1.3
442 18 1.1
443 692 1.5
444 610 1.1
445 806 1.9
446 572 1.5
447 816 1.3
448 324 1.1
449 637 1.3
450 743 1.5
451 692 1.9
452 623 1.1
453 363 1.5
454 98 1.7
455 820 1.7
456 448 1.5
457 72 1.3
458 656 1.9
459 700 1.3
460 20 1.1
461 605 1.3
462 509 1.3
463 521 1.9
464 792 1.5
465 806 1.3
466 806 1.9
467 591 1.9
468 247 1.9
469 254 1.9
470 780 1.9
471 144 1.3
472 714 1.9
473 107 1.1
474 324 1.7
475 806 1.9
476 190 1.5
477 535 1.7
478 448 1.5
479 434 1.9
480 144 1.1
481 10 1.9
482 127 1.3
483 524 1.5
484 806 1.9
485 806 1.9
486 448 1.3
487 448 1.1
488 661 1.5
489 428 1.3
490 655 1.3
491 547 1.1
492 399 1.5
493 428 1.3
494 178 1.5
495 193 1.3
496 865 1.3
497 487 1.3
498 806 1.5
499 572 1.5
500 149 1.3
501 206 1.3
502 193 1.3
503 572 1.3
504 190 1.1
505 142 1.3
506 572 1.1
507 572 1.3
508 73 1.3
509 144 1.1
510 285 1.3
511 246 1.3
512 340 1.3
513 418 1.3
514 144 1.1
515 190 1.3
516 84 1.3
517 802 1.7
518 394 1.1
519 350 1.3
520 780 1.3
521 284 1.3
522 555 1.3
523 655 1.9
524 190 1.1
525 706 1.9
526 190 1.1
527 718 1.1
528 655 1.5
529 178 1.3
530 162 1.3
531 255 1.3
532 144 1.1
533 174 1.5
534 714 1.9
535 190 1.1
536 760 1.5
537 107 1.3
538 296 1.1
539 572 1.5
540 144 1.1
541 667 1.3
542 418 1.3
543 255 1.3
544 294 1.3
545 211 1.1
546 506 1.3
547 358 1.3
548 107 1.3
549 655 1.5
550 729 1.3
551 165 1.5
552 545 1.1
553 555 1.3
554 794 1.3
555 724 1.1
556 552 1.5
557 186 1.5
558 144 1.1
559 144 1.3
560 487 1.1
561 553 1.9
562 662 1.5
563 144 1.3
564 594 1.1
565 555 1.5
566 235 1.3
567 572 1.9
568 411 1.3
569 234 1.7
570 190 1.1
571 656 1.1
572 0 1.3
573 655 1.5
574 506 1.3
575 144 1.1
576 118 1.3
577 572 1.3
578 442 1.3
579 729 1.3
580 715 1.5
581 190 1.1
582 572 1.5
583 411 1.3
584 144 1.1
585 576 1.1
586 572 1.5
587 715 1.3
588 482 1.3
589 821 1.1
590 190 1.3
591 190 1.1
592 142 1.3
593 572 1.3
594 142 1.1
595 144 1.1
596 594 1.3
597 572 1.5
598 190 1.1
599 663 1.3
600 635 1.3
601 715 1.5
602 18 1.3
603 144 1.1
604 715 1.3
605 127 1.1
606 359 1.3
607 370 1.1
608 136 1.3
609 296 1.3
610 555 1.1
611 324 1.5
612 143 1.3
613 812 1.5
614 718 1.1
615 655 1.9
616 190 1.3
617 655 1.3
618 424 1.3
619 572 1.5
620 144 1.3
621 324 1.5
622 715 1.1
623 888 1.3
624 207 1.1
625 190 1.1
626 555 1.3
627 806 1.1
628 207 1.3
629 324 1.3
630 394 1.1
631 740 1.1
632 422 1.3
633 137 1.3
634 207 1.1
635 144 1.1
636 572 1.5
637 72 1.1
638 637 1.5
639 144 1.3
640 246 1.3
641 780 1.9
642 555 1.3
643 178 1.3
644 255 1.5
645 156 1.3
646 555 1.3
647 144 1.1
648 810 1.3
649 572 1.3
650 506 1.3
651 246 1.5
652 753 1.5
653 160 1.3
654 190 1.5
655 0 1.3
656 572 1.1
657 296 1.1
658 715 1.3
659 637 1.5
660 144 1.1
661 487 1.1
662 107 1.1
663 877 1.1
664 190 1.5
665 0 1.9
666 555 1.1
667 854 1.1
668 67 1.3
669 178 1.3
670 12 1.3
671 720 1.3
672 324 1.3
673 780 1.3
674 67 1.3
675 190 1.1
676 127 1.5
677 729 1.5
678 143 1.1
679 572 1.5
680 178 1.3
681 506 1.3
682 591 1.9
683 144 1.1
684 111 1.1
685 144 1.1
686 426 1.3
687 190 1.3
688 846 1.5
689 745 1.3
690 190 1.1
691 323 1.5
692 605 1.1
693 178 1.5
694 806 1.3
695 806 1.3
696 572 1.5
697 118 1.5
698 572 1.3
699 325 1.3
700 52 1.3
701 144 1.1
702 324 1.5
703 287 1.1
704 143 1.1
705 144 1.1
706 572 1.1
707 812 1.3
708 428 1.5
709 68 1.3
710 715 1.3
711 417 1.5
712 655 1.5
713 572 1.5
714 572 1.1
715 724 1.1
716 178 1.1
717 232 1.3
718 190 1.1
719 143 1.3
720 2 1.3
721 268 1.3
722 296 1.3
723 795 1.3
724 389 1.1
725 389 1.5
726 598 1.3
727 144 1.1
728 555 1.3
729 193 1.1
730 389 1.5
731 2 1.3
732 16 1.3
733 506 1.3
734 614 1.5
735 394 1.5
736 610 1.3
737 381 1.3
738 724 1.3
739 663 1.5
740 635 1.1
741 424 1.3
742 531 1.5
743 142 1.1
744 571 1.3
745 174 1.3
746 107 1.3
747 294 1.3
748 190 1.3
749 324 1.5
750 345 1.5
751 572 1.3
752 324 1.3
753 190 1.3
754 449 1.5
755 18 1.3
756 495 1.5
757 605 1.5
758 506 1.5
759 487 1.1
760 363 1.3
761 340 1.3
762 572 1.5
763 363 1.3
764 144 1.1
765 689 1.3
766 506 1.3
767 144 1.1
768 560 1.3
769 255 1.5
770 296 1.3
771 167 1.3
772 724 1.3
773 655 1.7
774 394 1.3
775 358 1.3
776 346 1.3
777 136 1.3
778 144 1.1
779 144 1.1
780 572 1.1
781 246 1.1
782 190 1.1
783 178 1.3
784 487 1.1
785 206 1.1
786 324 1.3
787 150 1.3
788 294 1.5
789 527 1.3
790 160 1.1
791 609 1.3
792 193 1.1
793 865 1.3
794 345 1.3
795 594 1.1
796 178 1.3
797 866 1.1
798 806 1.9
799 178 1.5
800 767 1.3
801 487 1.3
802 296 1.1
803 293 1.1
804 572 1.3
805 884 1.3
806 572 1.1
807 160 1.1
808 424 1.3
809 865 1.5
810 296 1.3
811 190 1.3
812 2 1.1
813 755 1.5
814 240 1.3
815 143 1.1
816 358 1.3
817 572 1.3
818 191 1.3
819 84 1.5
820 190 1.1
821 865 1.1
822 84 1.3
823 0 1.9
824 315 1.1
825 144 1.3
826 803 1.3
827 144 1.3
828 394 1.5
829 555 1.5
830 416 1.3
831 880 1.9
832 190 1.5
833 768 1.1
834 20 1.3
835 506 1.3
836 692 1.3
837 284 1.1
838 20 1.3
839 127 1.1
840 555 1.3
841 207 1.1
842 448 1.5
843 442 1.3
844 287 1.3
845 714 1.1
846 136 1.3
847 700 1.3
848 572 1.5
849 287 1.3
850 806 1.3
851 882 1.3
852 555 1.3
853 572 1.5
854 607 1.1
855 111 1.3
856 58 1.3
857 506 1.5
858 627 1.5
859 296 1.3
860 715 1.3
861 428 1.3
862 655 1.3
863 572 1.5
864 724 1.3
865 716 1.1
866 185 1.1
867 255 1.3
868 157 1.3
869 394 1.5
870 287 1.3
871 780 1.3
872 607 1.1
873 884 1.3
874 572 1.9
875 235 1.3
876 444 1.5
877 190 1.1
878 57 1.3
879 487 1.5
880 138 1.3
881 118 1.3
882 296 1.1
883 806 1.3
884 424 1.3
885 572 1.3
886 350 1.5
887 572 1.5
888 255 1.1
889 90 1.3
1183.7
